# C2 = 1.46740110
# z   chi[kpc]   P(z)   M2   M3   M4
0.002090 9.29082845e+03 2.98327098e-15 2.31184047e-11 2.14789132e-07 1.99556898e-03
0.002184 9.70765591e+03 2.98308001e-15 4.94889735e-11 4.70785540e-07 4.48069402e-03
0.002282 1.01431740e+04 2.98288015e-15 7.95690523e-11 7.75893013e-07 7.57545220e-03
0.002384 1.05982198e+04 2.98267100e-15 1.13880274e-10 1.13953088e-06 1.14293662e-02
0.002491 1.10736679e+04 2.98245211e-15 1.53017589e-10 1.57292451e-06 1.62286233e-02
0.002603 1.15704320e+04 2.98222302e-15 1.97659563e-10 2.08945143e-06 2.22050630e-02
0.002720 1.20894664e+04 2.98198327e-15 2.48580123e-10 2.70505383e-06 2.96473675e-02
0.002842 1.26317684e+04 2.98173235e-15 3.06661946e-10 3.43872997e-06 3.89149946e-02
0.002969 1.31983795e+04 2.98146974e-15 3.72911731e-10 4.31311978e-06 5.04555231e-02
0.003103 1.37903878e+04 2.98119489e-15 4.48477610e-10 5.35520256e-06 6.48262488e-02
0.003242 1.44089299e+04 2.98090724e-15 5.34669004e-10 6.59712831e-06 8.27210699e-02
0.003387 1.50551933e+04 2.98060617e-15 6.32979259e-10 8.07720819e-06 1.05003959e-01
0.003539 1.57304182e+04 2.98029105e-15 7.45111458e-10 9.84109457e-06 1.32750629e-01
0.003698 1.64359002e+04 2.97996125e-15 8.73007853e-10 1.19431870e-05 1.67300410e-01
0.003864 1.71729929e+04 2.97961605e-15 1.01888342e-09 1.44483070e-05 2.10320818e-01
0.004038 1.79431098e+04 2.97925474e-15 1.18526410e-09 1.74336939e-05 2.63887942e-01
0.004219 1.87477276e+04 2.97887657e-15 1.37503044e-09 2.09913816e-05 3.30586503e-01
0.004408 1.95883889e+04 2.97848075e-15 1.59146730e-09 2.52310308e-05 4.13634401e-01
0.004606 2.04667046e+04 2.97806644e-15 1.83832051e-09 3.02833025e-05 5.17037753e-01
0.004813 2.13843576e+04 2.97763278e-15 2.11986152e-09 3.63038763e-05 6.45783856e-01
0.005029 2.23431056e+04 2.97717886e-15 2.44096107e-09 4.34782374e-05 8.06081363e-01
0.005255 2.33447843e+04 2.97670373e-15 2.80717310e-09 5.20273782e-05 1.00565921e+00
0.005491 2.43913111e+04 2.97620639e-15 3.22483049e-09 6.22145895e-05 1.25413865e+00
0.005737 2.54846886e+04 2.97568580e-15 3.70115413e-09 7.43535492e-05 1.56349626e+00
0.005995 2.66270083e+04 2.97514088e-15 4.24437727e-09 8.88179562e-05 1.94864015e+00
0.006264 2.78204545e+04 2.97457047e-15 4.86388716e-09 1.06053003e-04 2.42812699e+00
0.006545 2.90673084e+04 2.97397338e-15 5.57038662e-09 1.26589041e-04 3.02505432e+00
0.006839 3.03699523e+04 2.97334836e-15 6.37607797e-09 1.51057849e-04 3.76817085e+00
0.007146 3.17308742e+04 2.97269409e-15 7.29487282e-09 1.80212012e-04 4.69325795e+00
0.007467 3.31526720e+04 2.97200921e-15 8.34263098e-09 2.14947995e-04 5.84484859e+00
0.007802 3.46380588e+04 2.97129227e-15 9.53743276e-09 2.56333609e-04 7.27836593e+00
0.008152 3.61898675e+04 2.97054176e-15 1.08998892e-08 3.05640727e-04 9.06278398e+00
0.008518 3.78110565e+04 2.96975612e-15 1.24534954e-08 3.64384219e-04 1.12839375e+01
0.008900 3.95047146e+04 2.96893369e-15 1.42250334e-08 4.34368321e-04 1.40486395e+01
0.009300 4.12740668e+04 2.96807274e-15 1.62450305e-08 5.17741817e-04 1.74898027e+01
0.009717 4.31224806e+04 2.96717147e-15 1.85482820e-08 6.17063736e-04 2.17728102e+01
0.010153 4.50534717e+04 2.96622797e-15 2.11744462e-08 7.35381550e-04 2.71034385e+01
0.010609 4.70707105e+04 2.96524027e-15 2.41687219e-08 8.76324236e-04 3.37377109e+01
0.011085 4.91780289e+04 2.96420630e-15 2.75826206e-08 1.04421304e-03 4.19941515e+01
0.011583 5.13794272e+04 2.96312387e-15 3.14748449e-08 1.24419330e-03 5.22690225e+01
0.012103 5.36790812e+04 2.96199072e-15 3.59122895e-08 1.48239125e-03 6.50552696e+01
0.012646 5.60813497e+04 2.96080447e-15 4.09711805e-08 1.76610068e-03 8.09660776e+01
0.013214 5.85907827e+04 2.95956262e-15 4.67383721e-08 2.10400495e-03 1.00764153e+02
0.013807 6.12121288e+04 2.95826257e-15 5.33128233e-08 2.50644111e-03 1.25398127e+02
0.014426 6.39503446e+04 2.95690160e-15 6.08072780e-08 2.98571407e-03 1.56047798e+02
0.015074 6.68106025e+04 2.95547683e-15 6.93501775e-08 3.55647033e-03 1.94180368e+02
0.015751 6.97983007e+04 2.95398530e-15 7.90878365e-08 4.23614238e-03 2.41620322e+02
0.016458 7.29190720e+04 2.95242386e-15 9.01869188e-08 5.04547717e-03 3.00636263e+02
0.017196 7.61787941e+04 2.95078925e-15 1.02837255e-07 6.00916449e-03 3.74048801e+02
0.017968 7.95835996e+04 2.94907806e-15 1.17255044e-07 7.15658405e-03 4.65364580e+02
0.018775 8.31398870e+04 2.94728669e-15 1.33686500e-07 8.52269347e-03 5.78942763e+02
0.019618 8.68543312e+04 2.94541140e-15 1.52411995e-07 1.01490838e-02 7.20201809e+02
0.020498 9.07338951e+04 2.94344828e-15 1.73750770e-07 1.20852340e-02 8.95876253e+02
0.021418 9.47858419e+04 2.94139323e-15 1.98066290e-07 1.43900010e-02 1.11433554e+03
0.022380 9.90177467e+04 2.93924197e-15 2.25772333e-07 1.71333910e-02 1.38597983e+03
0.023384 1.03437510e+05 2.93699002e-15 2.57339911e-07 2.03986626e-02 1.72373140e+03
0.024434 1.08053370e+05 2.93463269e-15 2.93305123e-07 2.42848249e-02 2.14364433e+03
0.025531 1.12873917e+05 2.93216510e-15 3.34278090e-07 2.89096043e-02 2.66566129e+03
0.026677 1.17908107e+05 2.92958212e-15 3.80953097e-07 3.44129660e-02 3.31455226e+03
0.027874 1.23165277e+05 2.92687841e-15 4.34120104e-07 4.09612952e-02 4.12107903e+03
0.029126 1.28655160e+05 2.92404838e-15 4.94677821e-07 4.87523580e-02 5.12343946e+03
0.030433 1.34387899e+05 2.92108620e-15 5.63648547e-07 5.80211889e-02 6.36905817e+03
0.031799 1.40374065e+05 2.91798578e-15 6.42195002e-07 6.90470740e-02 7.91680648e+03
0.033226 1.46624673e+05 2.91474073e-15 7.31639426e-07 8.21618335e-02 9.83975380e+03
0.034718 1.53151198e+05 2.91134443e-15 8.33485242e-07 9.77596421e-02 1.22285769e+04
0.036276 1.59965595e+05 2.90778993e-15 9.49441603e-07 1.16308670e-01 1.51957832e+04
0.037905 1.67080315e+05 2.90406999e-15 1.08145123e-06 1.38364880e-01 1.88809417e+04
0.039606 1.74508324e+05 2.90017705e-15 1.23172193e-06 1.64588369e-01 2.34571588e+04
0.041384 1.82263121e+05 2.89610325e-15 1.40276235e-06 1.95762728e-01 2.91390949e+04
0.043241 1.90358761e+05 2.89184035e-15 1.59742234e-06 2.32817964e-01 3.61928837e+04
0.045182 1.98809871e+05 2.88737981e-15 1.81893882e-06 2.76857627e-01 4.49484032e+04
0.047211 2.07631673e+05 2.88271268e-15 2.07098746e-06 3.29190908e-01 5.58144501e+04
0.049330 2.16840003e+05 2.87782968e-15 2.35774132e-06 3.91370616e-01 6.92974981e+04
0.051544 2.26451335e+05 2.87272112e-15 2.68393698e-06 4.65238058e-01 8.60248790e+04
0.053858 2.36482797e+05 2.86737692e-15 3.05494936e-06 5.52976104e-01 1.06773417e+05
0.056275 2.46952201e+05 2.86178660e-15 3.47687618e-06 6.57171860e-01 1.32504789e+05
0.058801 2.57878057e+05 2.85593925e-15 3.95663327e-06 7.80890686e-01 1.64409159e+05
0.061441 2.69279603e+05 2.84982354e-15 4.50206212e-06 9.27763551e-01 2.03959026e+05
0.064199 2.81176820e+05 2.84342770e-15 5.12205117e-06 1.10209010e+00 2.52975610e+05
0.067080 2.93590460e+05 2.83673948e-15 5.82667236e-06 1.30896016e+00 3.13710686e+05
0.070091 3.06542068e+05 2.82974622e-15 6.62733505e-06 1.55439696e+00 3.88947390e+05
0.073238 3.20054002e+05 2.82243473e-15 7.53695912e-06 1.84552578e+00 4.82124335e+05
0.076525 3.34149457e+05 2.81479140e-15 8.57016963e-06 2.19077251e+00 5.97488343e+05
0.079960 3.48852487e+05 2.80680210e-15 9.74351561e-06 2.60009717e+00 7.40282269e+05
0.083549 3.64188026e+05 2.79845222e-15 1.10757156e-05 3.08526848e+00 9.16975848e+05
0.087300 3.80181909e+05 2.78972665e-15 1.25879334e-05 3.66018632e+00 1.13554921e+06
0.091218 3.96860895e+05 2.78060980e-15 1.43040865e-05 4.34126037e+00 1.40584087e+06
0.095313 4.14252681e+05 2.77108555e-15 1.62511922e-05 5.14785412e+00 1.73997449e+06
0.099591 4.32385925e+05 2.76113733e-15 1.84597543e-05 6.10280527e+00 2.15288193e+06
0.104062 4.51290257e+05 2.75074804e-15 2.09641952e-05 7.23303508e+00 2.66294363e+06
0.108733 4.70996303e+05 2.73990011e-15 2.38033389e-05 8.57026126e+00 3.29277222e+06
0.113614 4.91535688e+05 2.72857550e-15 2.70209482e-05 1.01518310e+01 4.07017021e+06
0.118713 5.12941055e+05 2.71675571e-15 3.06663239e-05 1.20216939e+01 5.02929964e+06
0.124042 5.35246069e+05 2.70442179e-15 3.47949709e-05 1.42315360e+01 6.21210893e+06
0.129610 5.58485422e+05 2.69155437e-15 3.94693375e-05 1.68421016e+01 7.67007176e+06
0.135428 5.82694840e+05 2.67813371e-15 4.47596351e-05 1.99247307e+01 9.46630383e+06
0.141507 6.07911076e+05 2.66413966e-15 5.07447456e-05 2.35631456e+01 1.16781366e+07
0.147859 6.34171908e+05 2.64955180e-15 5.75132241e-05 2.78555246e+01 1.44002427e+07
0.154496 6.61516123e+05 2.63434939e-15 6.51644047e-05 3.29169039e+01 1.77484267e+07
0.161431 6.89983512e+05 2.61851147e-15 7.38096175e-05 3.88819582e+01 2.18642159e+07
0.168677 7.19614836e+05 2.60201692e-15 8.35735257e-05 4.59082114e+01 2.69204119e+07
0.176249 7.50451804e+05 2.58484450e-15 9.45955905e-05 5.41797398e+01 3.31277953e+07
0.184160 7.82537043e+05 2.56697293e-15 1.07031673e-04 6.39114350e+01 4.07432073e+07
0.192427 8.15914042e+05 2.54838098e-15 1.21055781e-04 7.53539014e+01 5.00792763e+07
0.201064 8.50627119e+05 2.52904758e-15 1.36861966e-04 8.87990717e+01 6.15161028e+07
0.210090 8.86721335e+05 2.50895187e-15 1.54666387e-04 1.04586632e+02 7.55152690e+07
0.219520 9.24242457e+05 2.48807335e-15 1.74709529e-04 1.23111354e+02 9.26366037e+07
0.229374 9.63236845e+05 2.46639199e-15 1.97258598e-04 1.44831448e+02 1.13558199e+08
0.239670 1.00375138e+06 2.44388836e-15 2.22610094e-04 1.70278047e+02 1.39100258e+08
0.250428 1.04583335e+06 2.42054378e-15 2.51092548e-04 2.00065948e+02 1.70253438e+08
0.261669 1.08953034e+06 2.39634047e-15 2.83069440e-04 2.34905742e+02 2.08212450e+08
0.273415 1.13489009e+06 2.37126169e-15 3.18942277e-04 2.75617469e+02 2.54415786e+08
0.285688 1.18196035e+06 2.34529196e-15 3.59153838e-04 3.23145940e+02 3.10592554e+08
0.298511 1.23078874e+06 2.31841720e-15 4.04191558e-04 3.78577858e+02 3.78817535e+08
0.311911 1.28142252e+06 2.29062497e-15 4.54591036e-04 4.43160884e+02 4.61575680e+08
0.325912 1.33390849e+06 2.26190461e-15 5.10939654e-04 5.18324785e+02 5.61837445e+08
0.340541 1.38829267e+06 2.23224752e-15 5.73880257e-04 6.05704762e+02 6.83146426e+08
0.355827 1.44462016e+06 2.20164733e-15 6.44114863e-04 7.07167090e+02 8.29720951e+08
0.371800 1.50293486e+06 2.17010014e-15 7.22408366e-04 8.24837125e+02 1.00657135e+09
0.388489 1.56327923e+06 2.13760475e-15 8.09592151e-04 9.61129726e+02 1.21963474e+09
0.405927 1.62569400e+06 2.10416285e-15 9.06567584e-04 1.11878210e+03 1.47592927e+09
0.424148 1.69021788e+06 2.06977930e-15 1.01430927e-03 1.30088903e+03 1.78372965e+09
0.443187 1.75688731e+06 2.03446231e-15 1.13386802e-03 1.51094028e+03 2.15276603e+09
0.463081 1.82573606e+06 1.99822367e-15 1.26637342e-03 1.75286016e+03 2.59444788e+09
0.483867 1.89679500e+06 1.96107893e-15 1.41303586e-03 2.03104875e+03 3.12211461e+09
0.505587 1.97009171e+06 1.92304759e-15 1.57514800e-03 2.35042454e+03 3.75131419e+09
0.528282 2.04565019e+06 1.88415332e-15 1.75408542e-03 2.71646791e+03 4.50011089e+09
0.551995 2.12349050e+06 1.84442401e-15 1.95130643e-03 3.13526485e+03 5.38942220e+09
0.576773 2.20362842e+06 1.80389196e-15 2.16835083e-03 3.61355006e+03 6.44338509e+09
0.602663 2.28607519e+06 1.76259395e-15 2.40683756e-03 4.15874864e+03 7.68975003e+09
0.629715 2.37083710e+06 1.72057128e-15 2.66846095e-03 4.77901509e+03 9.16030075e+09
0.657981 2.45791532e+06 1.67786977e-15 2.95498569e-03 5.48326864e+03 1.08912963e+10
0.687516 2.54730545e+06 1.63453976e-15 3.26824008e-03 6.28122324e+03 1.29239305e+10
0.718377 2.63899752e+06 1.59063603e-15 3.61010770e-03 7.18341104e+03 1.53048018e+10
0.750623 2.73297545e+06 1.54621763e-15 3.98251728e-03 8.20119728e+03 1.80863866e+10
0.784317 2.82921723e+06 1.50134776e-15 4.38743074e-03 9.34678544e+03 2.13275044e+10
0.819523 2.92769444e+06 1.45609349e-15 4.82682933e-03 1.06332102e+04 2.50937631e+10
0.856310 3.02837241e+06 1.41052550e-15 5.30269785e-03 1.20743173e+04 2.94579721e+10
0.894747 3.13120999e+06 1.36471776e-15 5.81700703e-03 1.36847274e+04 3.45005041e+10
0.934910 3.23615965e+06 1.31874708e-15 6.37169404e-03 1.54797831e+04 4.03095910e+10
0.976876 3.34316756e+06 1.27269275e-15 6.96864141e-03 1.74754782e+04 4.69815341e+10
1.020726 3.45217351e+06 1.22663601e-15 7.60965420e-03 1.96883656e+04 5.46208053e+10
1.066544 3.56311141e+06 1.18065955e-15 8.29643606e-03 2.21354458e+04 6.33400249e+10
1.114418 3.67590904e+06 1.13484695e-15 9.03056392e-03 2.48340331e+04 7.32597860e+10
1.164442 3.79048887e+06 1.08928211e-15 9.81346211e-03 2.78015999e+04 8.45083153e+10
1.216711 3.90676786e+06 1.04404865e-15 1.06463758e-02 3.10556003e+04 9.72209392e+10
1.271326 4.02465821e+06 9.99229321e-16 1.15303443e-02 3.46132713e+04 1.11539349e+11
1.328393 4.14406753e+06 9.54905384e-16 1.24661747e-02 3.84914159e+04 1.27610642e+11
1.388021 4.26489939e+06 9.11156048e-16 1.34544162e-02 4.27061665e+04 1.45586129e+11
1.450326 4.38705381e+06 8.68057898e-16 1.44953352e-02 4.72727342e+04 1.65619908e+11
1.515428 4.51042761e+06 8.25684364e-16 1.55888921e-02 5.22051434e+04 1.87867182e+11
1.583451 4.63491522e+06 7.84105232e-16 1.67347201e-02 5.75159588e+04 2.12482361e+11
1.654529 4.76040872e+06 7.43386206e-16 1.79321056e-02 6.32160034e+04 2.39616904e+11
1.728797 4.88679904e+06 7.03588526e-16 1.91799727e-02 6.93140788e+04 2.69416973e+11
1.806398 5.01397571e+06 6.64768650e-16 2.04768687e-02 7.58166840e+04 3.02020877e+11
1.887483 5.14182813e+06 6.26978003e-16 2.18209550e-02 8.27277448e+04 3.37556364e+11
1.972208 5.27024544e+06 5.90262790e-16 2.32100003e-02 9.00483545e+04 3.76137774e+11
2.060735 5.39911744e+06 5.54663889e-16 2.46413783e-02 9.77765322e+04 4.17863113e+11
2.153237 5.52833483e+06 5.20216804e-16 2.61120695e-02 1.05907006e+05 4.62811094e+11
2.249890 5.65778960e+06 4.86951689e-16 2.76186679e-02 1.14431022e+05 5.11038186e+11
2.350882 5.78737575e+06 4.54893426e-16 2.91573915e-02 1.23336194e+05 5.62575761e+11
2.456408 5.91698905e+06 4.24061768e-16 3.07240986e-02 1.32606383e+05 6.17427368e+11
2.566670 6.04652820e+06 3.94471518e-16 3.23143089e-02 1.42221635e+05 6.75566256e+11
2.681882 6.17589418e+06 3.66132752e-16 3.39232294e-02 1.52158157e+05 7.36933169e+11
2.802265 6.30499143e+06 3.39051074e-16 3.55457866e-02 1.62388366e+05 8.01434549e+11
2.928052 6.43372730e+06 3.13227876e-16 3.71766634e-02 1.72880983e+05 8.68941184e+11
3.059485 6.56201277e+06 2.88660625e-16 3.88103424e-02 1.83601205e+05 9.39287419e+11
3.196818 6.68976234e+06 2.65343126e-16 4.04411540e-02 1.94510948e+05 1.01227100e+12
3.340315 6.81689415e+06 2.43265791e-16 4.20633313e-02 2.05569158e+05 1.08765366e+12
3.490254 6.94333034e+06 2.22415871e-16 4.36710689e-02 2.16732212e+05 1.16516242e+12
3.646923 7.06899659e+06 2.02777667e-16 4.52585881e-02 2.27954379e+05 1.24449189e+12
3.810625 7.19382293e+06 1.84332693e-16 4.68202058e-02 2.39188381e+05 1.32530730e+12
3.981674 7.31774278e+06 1.67059810e-16 4.83504076e-02 2.50386004e+05 1.40724863e+12
4.160402 7.44069400e+06 1.50935309e-16 4.98439232e-02 2.61498796e+05 1.48993552e+12
4.347153 7.56261791e+06 1.35932952e-16 5.12958030e-02 2.72478808e+05 1.57297315e+12
4.542286 7.68345998e+06 1.22023989e-16 5.27014945e-02 2.83279383e+05 1.65595894e+12
4.746178 7.80316927e+06 1.09177137e-16 5.40569164e-02 2.93855970e+05 1.73848983e+12
4.959222 7.92169862e+06 9.73585588e-17 5.53585270e-02 3.04166937e+05 1.82017020e+12
5.181830 8.03900458e+06 8.65318405e-17 5.66033866e-02 3.14174368e+05 1.90061999e+12
5.414430 8.15504700e+06 7.66579972e-17 5.77892095e-02 3.23844810e+05 1.97948290e+12
5.657471 8.26978955e+06 6.76955188e-17 5.89144047e-02 3.33149937e+05 2.05643435e+12
5.911421 8.38319873e+06 5.96004778e-17 5.99781015e-02 3.42067119e+05 2.13118885e+12
6.176770 8.49524480e+06 5.23267118e-17 6.09801607e-02 3.50579858e+05 2.20350665e+12
6.454031 8.60590066e+06 4.58260918e-17 6.19211685e-02 3.58678077e+05 2.27319912e+12
6.743736 8.71514251e+06 4.00488787e-17 6.28024134e-02 3.66358252e+05 2.34013294e+12
7.046447 8.82294921e+06 3.49441651e-17 6.36258480e-02 3.73623374e+05 2.40423274e+12
7.362745 8.92930246e+06 3.04603909e-17 6.43940351e-02 3.80482748e+05 2.46548217e+12
7.693240 9.03418659e+06 2.65459143e-17 6.51100825e-02 3.86951655e+05 2.52392348e+12
8.038571 9.13758826e+06 2.31496148e-17 6.57775691e-02 3.93050872e+05 2.57965561e+12
8.399403 9.23949680e+06 2.02214998e-17 6.64004645e-02 3.98806112e+05 2.63283114e+12
8.776432 9.33990339e+06 1.77132843e-17 6.69830486e-02 4.04247391e+05 2.68365216e+12
9.170385 9.43880179e+06 1.55789165e-17 6.75298319e-02 4.09408371e+05 2.73236562e+12
9.582022 9.53618735e+06 1.37750202e-17 6.80454827e-02 4.14325713e+05 2.77925832e+12
10.012136 9.63205770e+06 1.22612333e-17 6.85347607e-02 4.19038467e+05 2.82465184e+12
10.461556 9.72641199e+06 1.10004265e-17 6.90024612e-02 4.23587515e+05 2.86889775e+12
10.931150 9.81925118e+06 9.95878968e-18 6.94533671e-02 4.28015073e+05 2.91237306e+12
11.421823 9.91057783e+06 9.10578471e-18 6.98922084e-02 4.32364244e+05 2.95547585e+12
11.934521 1.00003959e+07 8.41396613e-18 7.03236250e-02 4.36678581e+05 2.99862093e+12
12.470233 1.00887108e+07 7.85867865e-18 7.07521263e-02 4.41001607e+05 3.04223469e+12
13.029992 1.01755291e+07 7.41764716e-18 7.11820398e-02 4.45376204e+05 3.08674853e+12
13.614877 1.02608590e+07 7.07048214e-18 7.16174382e-02 4.49843766e+05 3.13258955e+12
14.226016 1.03447091e+07 6.79813310e-18 7.20620349e-02 4.54442989e+05 3.18016718e+12
14.864588 1.04270897e+07 6.58233557e-18 7.25190345e-02 4.59208165e+05 3.22985410e+12
15.531823 1.05080117e+07 6.40511309e-18 7.29909314e-02 4.64166862e+05 3.28196015e+12
16.229009 1.05874870e+07 6.24841413e-18 7.34792511e-02 4.69336941e+05 3.33669829e+12
16.957490 1.06655282e+07 6.09398074e-18 7.39842427e-02 4.74722943e+05 3.39414284e+12
17.718671 1.07421488e+07 5.92355472e-18 7.45045412e-02 4.80312067e+05 3.45418204e+12
18.514020 1.08173628e+07 5.71951709e-18 7.50368450e-02 4.86070190e+05 3.51646975e+12
19.345069 1.08911848e+07 5.46601584e-18 7.55756705e-02 4.91938639e+05 3.58038411e+12
20.213423 1.09636302e+07 5.15055392e-18 7.61132705e-02 4.97832686e+05 3.64500427e+12
21.120755 1.10347146e+07 4.76588091e-18 7.66398107e-02 5.03642907e+05 3.70911840e+12
22.068814 1.11044543e+07 4.31187235e-18 7.71438867e-02 5.09240396e+05 3.77127546e+12
23.059430 1.11728657e+07 3.79692791e-18 7.76134204e-02 5.14486434e+05 3.82988873e+12
24.094512 1.12399658e+07 3.23833806e-18 7.80368947e-02 5.19246270e+05 3.88338912e+12
25.176057 1.13057718e+07 2.66113551e-18 7.84047795e-02 5.23405491e+05 3.93041233e+12
26.306149 1.13703010e+07 2.09521979e-18 7.87108965e-02 5.26886134e+05 3.96998829e+12
27.486969 1.14335713e+07 1.57101455e-18 7.89534054e-02 5.29658876e+05 4.00169064e+12
28.720793 1.14956003e+07 1.11447380e-18 7.91351185e-02 5.31747778e+05 4.02570381e+12
30.010000 1.15564063e+07 7.42678820e-19 7.92629887e-02 5.33225498e+05 4.04278095e+12
