# kappa_thr   Nexp   (zs=1, fiducial cosmology, default grid)
1.000000e-08 1.37953389e+06
1.778279e-08 7.84894083e+05
3.162278e-08 4.43936445e+05
5.623413e-08 2.50215288e+05
1.000000e-07 1.40690561e+05
1.778279e-07 7.90544571e+04
3.162278e-07 4.44167044e+04
5.623413e-07 2.49433481e+04
1.000000e-06 1.39937621e+04
1.778279e-06 7.85020424e+03
3.162278e-06 4.39724979e+03
5.623413e-06 2.46045256e+03
1.000000e-05 1.37479245e+03
1.778279e-05 7.66418414e+02
3.162278e-05 4.26036527e+02
5.623413e-05 2.35846046e+02
1.000000e-04 1.29891085e+02
1.778279e-04 7.10346314e+01
3.162278e-04 3.84959229e+01
5.623413e-04 2.05964935e+01
1.000000e-03 1.08365571e+01
1.778279e-03 5.57107060e+00
3.162278e-03 2.77930113e+00
5.623413e-03 1.33141801e+00
1.000000e-02 6.04183340e-01
1.778279e-02 2.55783502e-01
3.162278e-02 9.84171489e-02
5.623413e-02 3.32294153e-02
1.000000e-01 9.28250355e-03
1.778279e-01 1.95665895e-03
3.162278e-01 2.66744129e-04
5.623413e-01 1.81915436e-05
1.000000e+00 4.06421473e-07
1.778279e+00 1.53947057e-09
3.162278e+00 3.62784165e-13
5.623413e+00 1.14417951e-18
1.000000e+01 1.80874740e-27
1.778279e+01 1.39878415e-55
3.162278e+01 0.00000000e+00
5.623413e+01 0.00000000e+00
1.000000e+02 0.00000000e+00
1.778279e+02 0.00000000e+00
3.162278e+02 0.00000000e+00
5.623413e+02 0.00000000e+00
1.000000e+03 0.00000000e+00
