# kappa_thr   sigmaW(eps=1e-3 fixed)   sigmaW(kappa_min=3.563e-07 fixed)
1.000000e-05 6.44860897e-04 6.33844182e-04
1.778279e-05 8.58677193e-04 8.50622047e-04
3.162278e-05 1.14281703e-03 1.13702288e-03
5.623413e-05 1.51990986e-03 1.51589038e-03
1.000000e-04 2.01977277e-03 2.01719231e-03
1.778279e-04 2.68067696e-03 2.67932440e-03
3.162278e-04 3.55199890e-03 3.55176978e-03
5.623413e-04 4.69583463e-03 4.69672636e-03
1.000000e-03 6.18955047e-03 6.19166147e-03
1.778279e-03 8.12406621e-03 8.12761923e-03
3.162278e-03 1.06033593e-02 1.06087215e-02
5.623413e-03 1.37284914e-02 1.37362537e-02
1.000000e-02 1.75860441e-02 1.75971167e-02
1.778279e-02 2.22087915e-02 2.22245946e-02
3.162278e-02 2.75215563e-02 2.75443530e-02
5.623413e-02 3.33104203e-02 3.33439136e-02
1.000000e-01 3.91337773e-02 3.91842612e-02
1.778279e-01 4.43268910e-02 4.44055616e-02
3.162278e-01 4.81158249e-02 4.82432028e-02
5.623413e-01 5.00738849e-02 5.02879661e-02
1.000000e+00 5.05545995e-02 5.09229358e-02
1.778279e+00 5.03682868e-02 5.10045107e-02
3.162278e+00 4.99167769e-02 5.10071503e-02
5.623413e+00 4.91614748e-02 5.10071605e-02
1.000000e+01 4.79321312e-02 5.10071605e-02
1.778279e+01 4.59939191e-02 5.10071605e-02
3.162278e+01 4.30415857e-02 5.10071605e-02
5.623413e+01 3.87404142e-02 5.10071605e-02
1.000000e+02 3.28117997e-02 5.10071605e-02
1.778279e+02 2.52586020e-02 5.10071605e-02
3.162278e+02 1.66928403e-02 5.10071605e-02
5.623413e+02 8.61239784e-03 5.10071605e-02
1.000000e+03 2.96280602e-03 5.10071605e-02
