# kappa_thr   sigmaW(eps=1e-3 fixed)   sigmaW(kappa_min=6.567e-09 fixed)
1.000000e-05 8.19100955e-05 8.19239344e-05
1.778279e-05 1.08979565e-04 1.09013552e-04
3.162278e-05 1.44869066e-04 1.44926183e-04
5.623413e-05 1.92365294e-04 1.92450515e-04
1.000000e-04 2.55048445e-04 2.55169323e-04
1.778279e-04 3.37537708e-04 3.37705050e-04
3.162278e-04 4.45470337e-04 4.45699440e-04
5.623413e-04 5.85566504e-04 5.85879054e-04
1.000000e-03 7.65920055e-04 7.66346674e-04
1.778279e-03 9.94344233e-04 9.94929721e-04
3.162278e-03 1.27789142e-03 1.27870103e-03
5.623413e-03 1.61881790e-03 1.61995275e-03
1.000000e-02 2.01161706e-03 2.01323669e-03
1.778279e-02 2.43615725e-03 2.43852557e-03
3.162278e-02 2.85416548e-03 2.85773845e-03
5.623413e-02 3.20669870e-03 3.21230887e-03
1.000000e-01 3.43620530e-03 3.44540903e-03
1.778279e-01 3.52902203e-03 3.54471697e-03
3.162278e-01 3.53775445e-03 3.56500331e-03
5.623413e-01 3.51898665e-03 3.56627011e-03
1.000000e+00 3.48487129e-03 3.56628246e-03
1.778279e+00 3.42764053e-03 3.56628247e-03
3.162278e+00 3.33372296e-03 3.56628247e-03
5.623413e+00 3.18353527e-03 3.56628247e-03
1.000000e+01 2.95234325e-03 3.56628247e-03
1.778279e+01 2.61283375e-03 3.56628247e-03
3.162278e+01 2.14545538e-03 3.56628247e-03
5.623413e+01 1.55973294e-03 3.56628247e-03
1.000000e+02 9.28317890e-04 3.56628247e-03
1.778279e+02 3.95761326e-04 3.56628247e-03
3.162278e+02 9.66587378e-05 3.56628247e-03
5.623413e+02 9.50446798e-06 3.56628247e-03
1.000000e+03 2.20507689e-07 3.56628247e-03
