# kappa_thr   sigmaW(eps=1e-3 fixed)   sigmaW(kappa_min=3.794e-08 fixed)
1.000000e-05 2.00503366e-04 2.00228536e-04
1.778279e-05 2.66907239e-04 2.66758328e-04
3.162278e-05 3.55097817e-04 3.55062774e-04
5.623413e-05 4.72085703e-04 4.72162082e-04
1.000000e-04 6.26865443e-04 6.27060427e-04
1.778279e-04 8.31317002e-04 8.31648459e-04
3.162278e-04 1.10029740e-03 1.10079524e-03
5.623413e-04 1.45240335e-03 1.45311368e-03
1.000000e-03 1.91018010e-03 1.91117016e-03
1.778279e-03 2.49953604e-03 2.50090304e-03
3.162278e-03 3.24851596e-03 3.25040267e-03
5.623413e-03 4.17978524e-03 4.18240083e-03
1.000000e-02 5.30545261e-03 5.30911939e-03
1.778279e-02 6.61116439e-03 6.61638943e-03
3.162278e-02 8.04254318e-03 8.05015143e-03
5.623413e-02 9.48156913e-03 9.49298577e-03
1.000000e-01 1.07460627e-02 1.07638381e-02
1.778279e-01 1.16327105e-02 1.16615937e-02
3.162278e-01 1.20483849e-02 1.20972285e-02
5.623413e-01 1.21247093e-02 1.22092469e-02
1.000000e+00 1.20727298e-02 1.22194775e-02
1.778279e+00 1.19668778e-02 1.22196613e-02
3.162278e+00 1.17888258e-02 1.22196616e-02
5.623413e+00 1.14955572e-02 1.22196616e-02
1.000000e+01 1.10262171e-02 1.22196616e-02
1.778279e+01 1.03007877e-02 1.22196616e-02
3.162278e+01 9.22743445e-03 1.22196616e-02
5.623413e+01 7.73365789e-03 1.22196616e-02
1.000000e+02 5.82267370e-03 1.22196616e-02
1.778279e+02 3.68097756e-03 1.22196616e-02
3.162278e+02 1.74277685e-03 1.22196616e-02
5.623413e+02 5.10191731e-04 1.22196616e-02
1.000000e+03 6.79124065e-05 1.22196616e-02
