# kappa_thr   sigmaW(eps=1e-3 fixed)   sigmaW(kappa_min=1.373e-06 fixed)
1.000000e-05 1.43921846e-03 1.33979239e-03
1.778279e-05 1.91472154e-03 1.84155121e-03
3.162278e-05 2.54622561e-03 2.49222454e-03
5.623413e-05 3.38133575e-03 3.34160531e-03
1.000000e-04 4.48597069e-03 4.45710401e-03
1.778279e-04 5.94078912e-03 5.92036139e-03
3.162278e-04 7.84663577e-03 7.83297401e-03
5.623413e-04 1.03321762e-02 1.03242232e-02
1.000000e-03 1.35457991e-02 1.35430110e-02
1.778279e-03 1.76570331e-02 1.76593541e-02
3.162278e-03 2.28475928e-02 2.28554964e-02
5.623413e-03 2.92862014e-02 2.93008294e-02
1.000000e-02 3.71000913e-02 3.71234612e-02
1.778279e-02 4.63202538e-02 4.63557098e-02
3.162278e-02 5.68313541e-02 5.68843446e-02
5.623413e-02 6.82796263e-02 6.83590241e-02
1.000000e-01 8.00036300e-02 8.01242785e-02
1.778279e-01 9.09288654e-02 9.11162216e-02
3.162278e-01 9.96922985e-02 9.99915689e-02
5.623413e-01 1.05156599e-01 1.05649590e-01
1.000000e+00 1.07253142e-01 1.08084618e-01
1.778279e+00 1.07222890e-01 1.08635512e-01
3.162278e+00 1.06300841e-01 1.08680487e-01
5.623413e+00 1.04734017e-01 1.08681257e-01
1.000000e+01 1.02257789e-01 1.08681258e-01
1.778279e+01 9.84576868e-02 1.08681258e-01
3.162278e+01 9.28155287e-02 1.08681258e-01
5.623413e+01 8.47544845e-02 1.08681258e-01
1.000000e+02 7.37377669e-02 1.08681258e-01
1.778279e+02 5.95697441e-02 1.08681258e-01
3.162278e+02 4.28810909e-02 1.08681258e-01
5.623413e+02 2.57113201e-02 1.08681258e-01
1.000000e+03 1.14875758e-02 1.08681258e-01
