zs = 0.2   kappa_thr(N=100) = 6.56724e-06   fixed kappa_min = 6.56724e-09
kappa_thr    sigW_fixed_eps(1e-3)   sigW_fixed_kmin       
1.000e-05    8.191010e-05           8.192393e-05          
1.778e-05    1.089796e-04           1.090136e-04          
3.162e-05    1.448691e-04           1.449262e-04          
5.623e-05    1.923653e-04           1.924505e-04          
1.000e-04    2.550484e-04           2.551693e-04          
1.778e-04    3.375377e-04           3.377051e-04          
3.162e-04    4.454703e-04           4.456994e-04          
5.623e-04    5.855665e-04           5.858791e-04          
1.000e-03    7.659201e-04           7.663467e-04          
1.778e-03    9.943442e-04           9.949297e-04          
3.162e-03    1.277891e-03           1.278701e-03          
5.623e-03    1.618818e-03           1.619953e-03          
1.000e-02    2.011617e-03           2.013237e-03          
1.778e-02    2.436157e-03           2.438526e-03          
3.162e-02    2.854165e-03           2.857738e-03          
5.623e-02    3.206699e-03           3.212309e-03          
1.000e-01    3.436205e-03           3.445409e-03          
1.778e-01    3.529022e-03           3.544717e-03          
3.162e-01    3.537754e-03           3.565003e-03          
5.623e-01    3.518987e-03           3.566270e-03          
1.000e+00    3.484871e-03           3.566282e-03          
1.778e+00    3.427641e-03           3.566282e-03          
3.162e+00    3.333723e-03           3.566282e-03          
5.623e+00    3.183535e-03           3.566282e-03          
1.000e+01    2.952343e-03           3.566282e-03          
1.778e+01    2.612834e-03           3.566282e-03          
3.162e+01    2.145455e-03           3.566282e-03          
5.623e+01    1.559733e-03           3.566282e-03          
1.000e+02    9.283179e-04           3.566282e-03          
1.778e+02    3.957613e-04           3.566282e-03          
3.162e+02    9.665874e-05           3.566282e-03          
5.623e+02    9.504468e-06           3.566282e-03          
1.000e+03    2.205077e-07           3.566282e-03          

wrote playground/sigmaW_vs_kthr_zs0.2.txt
zs = 0.5   kappa_thr(N=100) = 3.79404e-05   fixed kappa_min = 3.79404e-08
kappa_thr    sigW_fixed_eps(1e-3)   sigW_fixed_kmin       
1.000e-05    2.005034e-04           2.002285e-04          
1.778e-05    2.669072e-04           2.667583e-04          
3.162e-05    3.550978e-04           3.550628e-04          
5.623e-05    4.720857e-04           4.721621e-04          
1.000e-04    6.268654e-04           6.270604e-04          
1.778e-04    8.313170e-04           8.316485e-04          
3.162e-04    1.100297e-03           1.100795e-03          
5.623e-04    1.452403e-03           1.453114e-03          
1.000e-03    1.910180e-03           1.911170e-03          
1.778e-03    2.499536e-03           2.500903e-03          
3.162e-03    3.248516e-03           3.250403e-03          
5.623e-03    4.179785e-03           4.182401e-03          
1.000e-02    5.305453e-03           5.309119e-03          
1.778e-02    6.611164e-03           6.616389e-03          
3.162e-02    8.042543e-03           8.050151e-03          
5.623e-02    9.481569e-03           9.492986e-03          
1.000e-01    1.074606e-02           1.076384e-02          
1.778e-01    1.163271e-02           1.166159e-02          
3.162e-01    1.204838e-02           1.209723e-02          
5.623e-01    1.212471e-02           1.220925e-02          
1.000e+00    1.207273e-02           1.221948e-02          
1.778e+00    1.196688e-02           1.221966e-02          
3.162e+00    1.178883e-02           1.221966e-02          
5.623e+00    1.149556e-02           1.221966e-02          
1.000e+01    1.102622e-02           1.221966e-02          
1.778e+01    1.030079e-02           1.221966e-02          
3.162e+01    9.227434e-03           1.221966e-02          
5.623e+01    7.733658e-03           1.221966e-02          
1.000e+02    5.822674e-03           1.221966e-02          
1.778e+02    3.680978e-03           1.221966e-02          
3.162e+02    1.742777e-03           1.221966e-02          
5.623e+02    5.101917e-04           1.221966e-02          
1.000e+03    6.791241e-05           1.221966e-02          

wrote playground/sigmaW_vs_kthr_zs0.5.txt
zs = 3   kappa_thr(N=100) = 0.000571263   fixed kappa_min = 5.71263e-07
kappa_thr    sigW_fixed_eps(1e-3)   sigW_fixed_kmin       
1.000e-05    8.376809e-04           8.143716e-04          
1.778e-05    1.115181e-03           1.098021e-03          
3.162e-05    1.483918e-03           1.471386e-03          
5.623e-05    1.973591e-03           1.964621e-03          
1.000e-04    2.621914e-03           2.615741e-03          
1.778e-04    3.478710e-03           3.474825e-03          
3.162e-04    4.608270e-03           4.606372e-03          
5.623e-04    6.089548e-03           6.089498e-03          
1.000e-03    8.022323e-03           8.024154e-03          
1.778e-03    1.052149e-02           1.052542e-02          
3.162e-03    1.371623e-02           1.372269e-02          
5.623e-03    1.774141e-02           1.775113e-02          
1.000e-02    2.269810e-02           2.271225e-02          
1.778e-02    2.862440e-02           2.864483e-02          
3.162e-02    3.544842e-02           3.547806e-02          
5.623e-02    4.290828e-02           4.295194e-02          
1.000e-01    5.048950e-02           5.055531e-02          
1.778e-01    5.738197e-02           5.748418e-02          
3.162e-01    6.261729e-02           6.278192e-02          
5.623e-01    6.554634e-02           6.582134e-02          
1.000e+00    6.642799e-02           6.689887e-02          
1.778e+00    6.626141e-02           6.707275e-02          
3.162e+00    6.569335e-02           6.708087e-02          
5.623e+00    6.473841e-02           6.708093e-02          
1.000e+01    6.319200e-02           6.708093e-02          
1.778e+01    6.076060e-02           6.708093e-02          
3.162e+01    5.707018e-02           6.708093e-02          
5.623e+01    5.170202e-02           6.708093e-02          
1.000e+02    4.429500e-02           6.708093e-02          
1.778e+02    3.478434e-02           6.708093e-02          
3.162e+02    2.380590e-02           6.708093e-02          
5.623e+02    1.305769e-02           6.708093e-02          
1.000e+03    4.991196e-03           6.708093e-02          

wrote playground/sigmaW_vs_kthr_zs3.txt
zs = 7   kappa_thr(N=100) = 0.00113675   fixed kappa_min = 1.13675e-06
kappa_thr    sigW_fixed_eps(1e-3)   sigW_fixed_kmin       
1.000e-05    1.264512e-03           1.192704e-03          
1.778e-05    1.683378e-03           1.630498e-03          
3.162e-05    2.239558e-03           2.200586e-03          
5.623e-05    2.976062e-03           2.947503e-03          
1.000e-04    3.949949e-03           3.929344e-03          
1.778e-04    5.236574e-03           5.222222e-03          
3.162e-04    6.924231e-03           6.914955e-03          
5.623e-04    9.131833e-03           9.126912e-03          
1.000e-03    1.199587e-02           1.199498e-02          
1.778e-03    1.567719e-02           1.568039e-02          
3.162e-03    2.034784e-02           2.035561e-02          
5.623e-03    2.617196e-02           2.618531e-02          
1.000e-02    3.327862e-02           3.329930e-02          
1.778e-02    4.169880e-02           4.172969e-02          
3.162e-02    5.132978e-02           5.137552e-02          
5.623e-02    6.183080e-02           6.189899e-02          
1.000e-01    7.257633e-02           7.267966e-02          
1.778e-01    8.253803e-02           8.269851e-02          
3.162e-01    9.044683e-02           9.070379e-02          
5.623e-01    9.527276e-02           9.569791e-02          
1.000e+00    9.704789e-02           9.776858e-02          
1.778e+00    9.697510e-02           9.820618e-02          
3.162e+00    9.615163e-02           9.823811e-02          
5.623e+00    9.475394e-02           9.823856e-02          
1.000e+01    9.252538e-02           9.823856e-02          
1.778e+01    8.907993e-02           9.823856e-02          
3.162e+01    8.393084e-02           9.823856e-02          
5.623e+01    7.652915e-02           9.823856e-02          
1.000e+02    6.638336e-02           9.823856e-02          
1.778e+02    5.332615e-02           9.823856e-02          
3.162e+02    3.800128e-02           9.823856e-02          
5.623e+02    2.238598e-02           9.823856e-02          
1.000e+03    9.695544e-03           9.823856e-02          

wrote playground/sigmaW_vs_kthr_zs7.txt
zs = 10   kappa_thr(N=100) = 0.00137308   fixed kappa_min = 1.37308e-06
kappa_thr    sigW_fixed_eps(1e-3)   sigW_fixed_kmin       
1.000e-05    1.439218e-03           1.339792e-03          
1.778e-05    1.914722e-03           1.841551e-03          
3.162e-05    2.546226e-03           2.492225e-03          
5.623e-05    3.381336e-03           3.341605e-03          
1.000e-04    4.485971e-03           4.457104e-03          
1.778e-04    5.940789e-03           5.920361e-03          
3.162e-04    7.846636e-03           7.832974e-03          
5.623e-04    1.033218e-02           1.032422e-02          
1.000e-03    1.354580e-02           1.354301e-02          
1.778e-03    1.765703e-02           1.765935e-02          
3.162e-03    2.284759e-02           2.285550e-02          
5.623e-03    2.928620e-02           2.930083e-02          
1.000e-02    3.710009e-02           3.712346e-02          
1.778e-02    4.632025e-02           4.635571e-02          
3.162e-02    5.683135e-02           5.688434e-02          
5.623e-02    6.827963e-02           6.835902e-02          
1.000e-01    8.000363e-02           8.012428e-02          
1.778e-01    9.092887e-02           9.111622e-02          
3.162e-01    9.969230e-02           9.999157e-02          
5.623e-01    1.051566e-01           1.056496e-01          
1.000e+00    1.072531e-01           1.080846e-01          
1.778e+00    1.072229e-01           1.086355e-01          
3.162e+00    1.063008e-01           1.086805e-01          
5.623e+00    1.047340e-01           1.086813e-01          
1.000e+01    1.022578e-01           1.086813e-01          
1.778e+01    9.845769e-02           1.086813e-01          
3.162e+01    9.281553e-02           1.086813e-01          
5.623e+01    8.475448e-02           1.086813e-01          
1.000e+02    7.373777e-02           1.086813e-01          
1.778e+02    5.956974e-02           1.086813e-01          
3.162e+02    4.288109e-02           1.086813e-01          
5.623e+02    2.571132e-02           1.086813e-01          
1.000e+03    1.148758e-02           1.086813e-01          

wrote playground/sigmaW_vs_kthr_zs10.txt
