# kappa_thr   sigmaW(eps=1e-3 fixed)   sigmaW(kappa_min=9.038e-07 fixed)
1.000000e-05 1.09521393e-03 1.04620460e-03
1.778279e-05 1.45795678e-03 1.42184497e-03
3.162278e-05 1.94044471e-03 1.91387437e-03
5.623413e-05 2.57967862e-03 2.56031935e-03
1.000000e-04 3.42488301e-03 3.41108071e-03
1.778279e-04 4.54179041e-03 4.53240043e-03
3.162278e-04 6.01210207e-03 6.00636537e-03
5.623413e-04 7.93868436e-03 7.93616303e-03
1.000000e-03 1.04411531e-02 1.04416944e-02
1.778279e-03 1.36713910e-02 1.36751361e-02
3.162278e-03 1.77833669e-02 1.77907966e-02
5.623413e-03 2.29341603e-02 2.29461792e-02
1.000000e-02 2.92463893e-02 2.92645089e-02
1.778279e-02 3.67593056e-02 3.67859679e-02
3.162278e-02 4.53784658e-02 4.54176045e-02
5.623413e-02 5.47942039e-02 5.48522673e-02
1.000000e-01 6.44079916e-02 6.44957420e-02
1.778279e-01 7.32749771e-02 7.34112170e-02
3.162278e-01 8.02216873e-02 8.04402756e-02
5.623413e-01 8.43492925e-02 8.47122208e-02
1.000000e+00 8.57818508e-02 8.63996421e-02
1.778279e+00 8.56680815e-02 8.67275150e-02
3.162278e+00 8.49445859e-02 8.67483152e-02
5.623413e+00 8.37206138e-02 8.67485520e-02
1.000000e+01 8.17547329e-02 8.67485522e-02
1.778279e+01 7.86907109e-02 8.67485522e-02
3.162278e+01 7.40830709e-02 8.67485522e-02
5.623413e+01 6.74243781e-02 8.67485522e-02
1.000000e+02 5.82648235e-02 8.67485522e-02
1.778279e+02 4.64828179e-02 8.67485522e-02
3.162278e+02 3.27107331e-02 8.67485522e-02
5.623413e+02 1.88463722e-02 8.67485522e-02
1.000000e+03 7.85396087e-03 8.67485522e-02
