# kappa_thr   sigmaW(eps=1e-3 fixed)   sigmaW(kappa_min=1.137e-06 fixed)
1.000000e-05 1.26451248e-03 1.19270391e-03
1.778279e-05 1.68337785e-03 1.63049823e-03
3.162278e-05 2.23955762e-03 2.20058582e-03
5.623413e-05 2.97606166e-03 2.94750314e-03
1.000000e-04 3.94994938e-03 3.92934438e-03
1.778279e-04 5.23657356e-03 5.22222164e-03
3.162278e-04 6.92423078e-03 6.91495538e-03
5.623413e-04 9.13183339e-03 9.12691231e-03
1.000000e-03 1.19958694e-02 1.19949790e-02
1.778279e-03 1.56771907e-02 1.56803860e-02
3.162278e-03 2.03478440e-02 2.03556053e-02
5.623413e-03 2.61719642e-02 2.61853103e-02
1.000000e-02 3.32786212e-02 3.32993013e-02
1.778279e-02 4.16988009e-02 4.17296930e-02
3.162278e-02 5.13297791e-02 5.13755201e-02
5.623413e-02 6.18308033e-02 6.18989936e-02
1.000000e-01 7.25763297e-02 7.26796642e-02
1.778279e-01 8.25380328e-02 8.26985131e-02
3.162278e-01 9.04468251e-02 9.07037921e-02
5.623413e-01 9.52727581e-02 9.56979120e-02
1.000000e+00 9.70478920e-02 9.77685842e-02
1.778279e+00 9.69751047e-02 9.82061812e-02
3.162278e+00 9.61516290e-02 9.82381063e-02
5.623413e+00 9.47539400e-02 9.82385624e-02
1.000000e+01 9.25253757e-02 9.82385630e-02
1.778279e+01 8.90799295e-02 9.82385630e-02
3.162278e+01 8.39308373e-02 9.82385630e-02
5.623413e+01 7.65291503e-02 9.82385630e-02
1.000000e+02 6.63833552e-02 9.82385630e-02
1.778279e+02 5.33261499e-02 9.82385630e-02
3.162278e+02 3.80012782e-02 9.82385630e-02
5.623413e+02 2.23859767e-02 9.82385630e-02
1.000000e+03 9.69554367e-03 9.82385630e-02
