# kappa_thr   sigmaW(eps=1e-3 fixed)   sigmaW(kappa_min=1.278e-07 fixed)
1.000000e-05 3.75646202e-04 3.73474677e-04
1.778279e-05 5.00181231e-04 4.98660594e-04
3.162278e-05 6.65652460e-04 6.64654129e-04
5.623413e-05 8.85367988e-04 8.84809643e-04
1.000000e-04 1.17648099e-03 1.17631782e-03
1.778279e-04 1.56141923e-03 1.56164039e-03
3.162278e-04 2.06855527e-03 2.06918427e-03
5.623413e-04 2.73444119e-03 2.73553741e-03
1.000000e-03 3.60317849e-03 3.60484750e-03
1.778279e-03 4.72839877e-03 4.73080241e-03
3.162278e-03 6.16730243e-03 6.17068666e-03
5.623413e-03 7.97814637e-03 7.98287523e-03
1.000000e-02 1.02053175e-02 1.02119484e-02
1.778279e-02 1.28488583e-02 1.28582479e-02
3.162278e-02 1.58543601e-02 1.58678859e-02
5.623413e-02 1.90539621e-02 1.90739089e-02
1.000000e-01 2.21488685e-02 2.21791998e-02
1.778279e-01 2.47104713e-02 2.47584067e-02
3.162278e-01 2.63440974e-02 2.64230504e-02
5.623413e-01 2.69893677e-02 2.71240620e-02
1.000000e+00 2.70353300e-02 2.72687480e-02
1.778279e+00 2.68746491e-02 2.72782448e-02
3.162278e+00 2.65869366e-02 2.72783500e-02
5.623413e+00 2.61083368e-02 2.72783501e-02
1.000000e+01 2.53310939e-02 2.72783501e-02
1.778279e+01 2.41074090e-02 2.72783501e-02
3.162278e+01 2.22544017e-02 2.72783501e-02
5.623413e+01 1.95814037e-02 2.72783501e-02
1.000000e+02 1.59695322e-02 2.72783501e-02
1.778279e+02 1.15329699e-02 2.72783501e-02
3.162278e+02 6.83636799e-03 2.72783501e-02
5.623413e+02 2.92626950e-03 2.72783501e-02
1.000000e+03 7.32293078e-04 2.72783501e-02
