# kappa_thr   sigmaW(eps=1e-3 fixed)   sigmaW(kappa_min=5.713e-07 fixed)
1.000000e-05 8.37680922e-04 8.14371593e-04
1.778279e-05 1.11518117e-03 1.09802134e-03
3.162278e-05 1.48391840e-03 1.47138552e-03
5.623413e-05 1.97359125e-03 1.96462076e-03
1.000000e-04 2.62191362e-03 2.61574075e-03
1.778279e-04 3.47870954e-03 3.47482516e-03
3.162278e-04 4.60826983e-03 4.60637235e-03
5.623413e-04 6.08954767e-03 6.08949815e-03
1.000000e-03 8.02232312e-03 8.02415366e-03
1.778279e-03 1.05214911e-02 1.05254173e-02
3.162278e-03 1.37162350e-02 1.37226949e-02
5.623413e-03 1.77414110e-02 1.77511315e-02
1.000000e-02 2.26981022e-02 2.27122522e-02
1.778279e-02 2.86244034e-02 2.86448275e-02
3.162278e-02 3.54484199e-02 3.54780559e-02
5.623413e-02 4.29082791e-02 4.29519395e-02
1.000000e-01 5.04895031e-02 5.05553120e-02
1.778279e-01 5.73819734e-02 5.74841849e-02
3.162278e-01 6.26172910e-02 6.27819154e-02
5.623413e-01 6.55463420e-02 6.58213366e-02
1.000000e+00 6.64279897e-02 6.68988718e-02
1.778279e+00 6.62614125e-02 6.70727495e-02
3.162278e+00 6.56933544e-02 6.70808720e-02
5.623413e+00 6.47384147e-02 6.70809284e-02
1.000000e+01 6.31920040e-02 6.70809284e-02
1.778279e+01 6.07605971e-02 6.70809284e-02
3.162278e+01 5.70701806e-02 6.70809284e-02
5.623413e+01 5.17020245e-02 6.70809284e-02
1.000000e+02 4.42949974e-02 6.70809284e-02
1.778279e+02 3.47843364e-02 6.70809284e-02
3.162278e+02 2.38059026e-02 6.70809284e-02
5.623413e+02 1.30576855e-02 6.70809284e-02
1.000000e+03 4.99119631e-03 6.70809284e-02
