# band Campbell cumulants k_n = int n kappa^n dA dchi over [kappa_min, kappa_thr], zs=1, kappa_min=1.277748e-07
# kappa_thr  k1  k2  k3  k4
1.000000e-06  2.937074e-02 1.244589e-08 7.063176e-15 4.820533e-21
1.778279e-06  3.745363e-02 2.347595e-08 2.253516e-14 2.709197e-20
3.162278e-06  4.553393e-02 4.307703e-08 7.142867e-14 1.522549e-19
5.623413e-06  5.359177e-02 7.785221e-08 2.257043e-13 8.546185e-19
1.000000e-05  6.161459e-02 1.394833e-07 7.118764e-13 4.790115e-18
1.778279e-05  6.961460e-02 2.486624e-07 2.243172e-12 2.682992e-17
3.162278e-05  7.756826e-02 4.417651e-07 7.058590e-12 1.500571e-16
5.623413e-05  8.546887e-02 7.828881e-07 2.218446e-11 8.383390e-16
1.000000e-04  9.329919e-02 1.383724e-06 6.955558e-11 4.671066e-15
1.778279e-04  1.010334e-01 2.438721e-06 2.174400e-10 2.594431e-14
3.162278e-04  1.086355e-01 4.281524e-06 6.765768e-10 1.433364e-13
5.623413e-04  1.160654e-01 7.483165e-06 2.094244e-09 7.875376e-13
1.000000e-03  1.232563e-01 1.299493e-05 6.430724e-09 4.288862e-12
1.778279e-03  1.301629e-01 2.238049e-05 1.955029e-08 2.311027e-11
3.162278e-03  1.366549e-01 3.807737e-05 5.851859e-08 1.223964e-10
5.623413e-03  1.426358e-01 6.372630e-05 1.715436e-07 6.335917e-10
1.000000e-02  1.479731e-01 1.042839e-04 4.886741e-07 3.179021e-09
1.778279e-02  1.524935e-01 1.653345e-04 1.334763e-06 1.521594e-08
3.162278e-02  1.561182e-01 2.517898e-04 3.456522e-06 6.868038e-08
5.623413e-02  1.587667e-01 3.638140e-04 8.318573e-06 2.853810e-07
1.000000e-01  1.604888e-01 4.919169e-04 1.812707e-05 1.056784e-06
1.778279e-01  1.614103e-01 6.129787e-04 3.441202e-05 3.307309e-06
3.162278e-01  1.617846e-01 6.981776e-04 5.440915e-05 8.129406e-06
5.623413e-01  1.618800e-01 7.357147e-04 6.961653e-05 1.445420e-05
1.000000e+00  1.618919e-01 7.435846e-04 7.504112e-05 1.828099e-05
1.778279e+00  1.618909e-01 7.441026e-04 7.564228e-05 1.899022e-05
3.162278e+00  1.618911e-01 7.441084e-04 7.565355e-05 1.901251e-05
5.623413e+00  1.618912e-01 7.441084e-04 7.565356e-05 1.901256e-05
1.000000e+01  1.618913e-01 7.441084e-04 7.565356e-05 1.901256e-05
