# weak-band transverse footprint, zs=1, kappa_min=1.277748e-07 (absolute)
# kappa_thr  rC_q10  rC_q50  rC_q90  rS_q10  rS_q50  rS_q90  sumClust  sumShot   [r in comoving kpc]
1.000000e-06  8.517778e+02 3.616036e+04 2.145970e+05  2.051809e+02 9.462416e+03 9.270406e+04  3.093505e-02 1.244589e-08
1.778279e-06  7.321516e+02 3.101447e+04 1.909046e+05  1.614835e+02 7.428471e+03 7.366952e+04  3.945661e-02 2.347595e-08
3.162278e-06  6.265639e+02 2.655522e+04 1.710229e+05  1.245818e+02 5.740006e+03 5.760959e+04  4.797161e-02 4.307703e-08
5.623413e-06  5.345823e+02 2.269858e+04 1.542901e+05  9.509128e+01 4.398448e+03 4.448865e+04  5.646570e-02 7.785221e-08
1.000000e-05  4.561331e+02 1.935891e+04 1.401528e+05  7.237450e+01 3.340422e+03 3.408260e+04  6.492851e-02 1.394833e-07
1.778279e-05  3.883942e+02 1.649228e+04 1.282577e+05  5.485307e+01 2.532868e+03 2.592000e+04  7.337425e-02 2.486624e-07
3.162278e-05  3.300252e+02 1.403560e+04 1.181523e+05  4.148230e+01 1.911645e+03 1.961482e+04  8.178262e-02 4.417651e-07
5.623413e-05  2.804211e+02 1.193234e+04 1.092505e+05  3.131036e+01 1.442527e+03 1.480744e+04  9.014695e-02 7.828881e-07
1.000000e-04  2.376688e+02 1.014325e+04 1.014389e+05  2.365846e+01 1.087409e+03 1.114036e+04  9.845161e-02 1.383724e-06
1.778279e-04  2.015646e+02 8.621036e+03 9.459685e+04  1.791543e+01 8.206442e+02 8.392046e+03  1.066728e-01 2.438721e-06
3.162278e-04  1.708859e+02 7.334950e+03 8.849102e+04  1.359405e+01 6.207628e+02 6.301214e+03  1.147857e-01 4.281524e-06
5.623413e-04  1.451082e+02 6.251048e+03 8.315702e+04  1.037210e+01 4.698159e+02 4.748422e+03  1.227519e-01 7.483165e-06
1.000000e-03  1.235141e+02 5.340286e+03 7.831496e+04  7.997448e+00 3.576785e+02 3.570208e+03  1.305169e-01 1.299493e-05
1.778279e-03  1.054828e+02 4.581992e+03 7.407814e+04  6.248810e+00 2.736405e+02 2.692983e+03  1.380410e-01 2.238049e-05
3.162278e-03  9.068575e+01 3.954470e+03 7.029841e+04  4.996577e+00 2.107954e+02 2.035178e+03  1.452145e-01 3.807737e-05
5.623413e-03  7.863942e+01 3.442060e+03 6.706746e+04  4.142258e+00 1.645365e+02 1.543002e+03  1.519464e-01 6.372630e-05
1.000000e-02  6.895512e+01 3.029711e+03 6.424537e+04  3.630823e+00 1.303690e+02 1.177501e+03  1.581207e-01 1.042839e-04
1.778279e-02  6.139763e+01 2.705623e+03 6.186868e+04  3.395408e+00 1.055780e+02 9.057414e+02  1.635538e-01 1.653345e-04
3.162278e-02  5.558654e+01 2.459915e+03 6.002823e+04  3.393505e+00 8.717503e+01 7.046134e+02  1.681477e-01 2.517898e-04
5.623413e-02  5.119022e+01 2.281717e+03 5.859441e+04  3.527853e+00 7.328027e+01 5.580433e+02  1.717446e-01 3.638140e-04
1.000000e-01  4.797938e+01 2.163886e+03 5.761752e+04  3.689282e+00 6.252663e+01 4.534017e+02  1.743047e-01 4.919169e-04
1.778279e-01  4.578469e+01 2.095159e+03 5.703294e+04  3.790272e+00 5.413620e+01 3.840954e+02  1.758486e-01 6.129787e-04
3.162278e-01  4.447872e+01 2.063679e+03 5.675233e+04  3.776976e+00 4.811914e+01 3.454529e+02  1.765747e-01 6.981776e-04
5.623413e-01  4.391596e+01 2.054227e+03 5.667930e+04  3.682981e+00 4.481728e+01 3.307080e+02  1.767992e-01 7.357147e-04
1.000000e+00  4.380411e+01 2.052934e+03 5.666281e+04  3.611251e+00 4.392644e+01 3.276785e+02  1.768350e-01 7.435846e-04
1.778279e+00  4.380110e+01 2.052941e+03 5.662531e+04  3.595119e+00 4.387556e+01 3.274003e+02  1.768326e-01 7.441026e-04
3.162278e+00  4.380198e+01 2.053069e+03 5.657473e+04  3.593695e+00 4.387606e+01 3.271827e+02  1.768334e-01 7.441084e-04
5.623413e+00  4.380324e+01 2.053244e+03 5.653915e+04  3.593481e+00 4.388223e+01 3.269499e+02  1.768342e-01 7.441084e-04
1.000000e+01  4.380330e+01 2.053253e+03 5.653593e+04  3.593477e+00 4.388220e+01 3.269337e+02  1.768343e-01 7.441084e-04
